495 495 495
493.197 493.421 493.196
491.394 491.841 491.391
489.592 490.262 489.587
487.789 488.682 487.783
485.986 487.103 485.979
484.183 485.524 484.174
482.38 483.944 482.37
480.578 482.365 480.566
478.775 480.785 478.761
476.972 479.206 476.957
475.169 477.627 475.153
473.366 476.047 473.349
471.564 474.468 471.544
469.761 472.889 469.74
467.958 471.309 467.936
466.155 469.73 466.131
464.352 468.15 464.327
462.55 466.571 462.523
460.747 464.992 460.719
458.944 463.412 458.914
457.141 461.833 457.11
455.338 460.253 455.306
453.536 458.674 453.501
451.733 457.095 451.697
449.93 455.515 449.893
448.127 453.936 448.089
446.324 452.356 446.284
444.522 450.777 444.48
442.719 449.198 442.676
440.916 447.618 440.871
439.113 446.039 439.067
437.31 444.46 437.263
435.508 442.88 435.459
433.705 441.301 433.654
431.902 439.721 431.85
430.099 438.142 430.046
428.296 436.563 428.241
426.494 434.983 426.437
426.5 432.921 424.258
426.506 430.859 422.079
426.513 428.797 419.9
426.519 426.735 417.722
426.525 424.673 415.543
426.532 422.61 413.364
426.538 420.548 411.185
426.544 418.486 409.006
426.551 416.424 406.827
426.557 414.362 404.648
426.563 412.3 402.469
426.57 410.238 400.29
426.576 408.176 398.112
426.582 406.113 395.933
426.589 404.051 393.754
426.595 401.989 391.575
426.601 399.927 389.396
426.608 397.865 387.217
426.614 395.803 385.038
426.62 393.741 382.859
426.627 391.678 380.68
426.633 389.616 378.501
426.639 387.554 376.323
426.646 385.492 374.144
426.652 383.43 371.965
426.658 381.368 369.786
426.665 379.306 367.607
426.671 377.244 365.428
426.677 375.181 363.249
426.684 373.119 361.07
426.69 371.057 358.891
426.696 368.995 356.713
426.703 366.933 354.534
426.709 364.871 352.355
426.715 362.809 350.176
426.722 360.747 347.997
426.728 358.684 345.818
426.734 356.622 343.639
426.741 354.56 341.46
426.747 352.498 339.281
426.753 350.436 337.102
426.76 348.374 334.924
426.766 346.312 332.745
426.772 344.25 330.566
426.779 342.187 328.387
426.785 340.125 326.208
426.791 338.063 324.029
426.798 336.001 321.85
426.804 333.939 319.671
426.81 331.877 317.492
426.817 329.815 315.314
426.823 327.752 313.135
426.829 325.69 310.956
426.836 323.628 308.777
426.842 321.566 306.598
426.848 319.504 304.419
426.855 317.442 302.24
426.861 315.38 300.061
426.867 313.318 297.882
426.874 311.255 295.703
426.88 309.193 293.525
426.886 307.131 291.346
426.893 305.069 289.167
426.899 303.007 286.988
426.905 300.945 284.809
426.912 298.883 282.63
426.918 296.821 280.451
426.924 294.758 278.272
426.931 292.696 276.093
426.937 290.634 273.914
426.942 288.996 272.184
424.159 288.379 271.248
421.377 287.761 270.313
418.594 287.144 269.377
415.811 286.526 268.441
413.029 285.909 267.505
410.246 285.291 266.57
407.463 284.674 265.634
404.681 284.056 264.698
401.898 283.438 263.762
399.116 282.821 262.827
405.791 283.002 262.118
406.901 281.947 259.539
408.011 280.893 256.959
409.121 279.838 254.379
410.232 278.784 251.799
411.342 277.729 249.219
412.452 276.675 246.639
413.562 275.62 244.059
414.672 274.566 241.48
415.782 273.511 238.9
416.893 272.457 236.32
418.003 271.403 233.74
419.113 270.348 231.16
420.223 269.294 228.58
421.333 268.239 226
422.443 267.185 223.421
423.554 266.13 220.841
424.664 265.076 218.261
425.774 264.021 215.681
426.884 262.967 213.101
427.994 261.912 210.521
429.104 260.858 207.941
430.215 259.803 205.362
431.325 258.749 202.782
432.435 257.695 200.202
433.545 256.64 197.622
434.655 255.586 195.042
435.765 254.531 192.462
436.876 253.477 189.882
437.986 252.422 187.303
439.096 251.368 184.723
440.206 250.313 182.143
441.316 249.259 179.563
442.426 248.204 176.983
443.537 247.15 174.403
444.647 246.095 171.824
445.757 245.041 169.244
446.867 243.987 166.664
447.977 242.932 164.084
449.087 241.878 161.504
450.198 240.823 158.924
451.308 239.769 156.344
452.418 238.714 153.765
453.528 237.66 151.185
454.638 236.605 148.605
455.748 235.551 146.025
456.859 234.496 143.445
457.969 233.442 140.865
459.079 232.387 138.285
460.189 231.333 135.706
461.299 230.279 133.126
462.409 229.224 130.546
463.52 228.17 127.966
464.63 227.115 125.386
465.74 226.061 122.806
466.85 225.006 120.226
467.96 223.952 117.647
468.88 223.078 115.508
457.482 230.263 134.978
454.776 229.193 134.251
452.069 228.123 133.524
449.362 227.053 132.797
446.656 225.983 132.07
443.949 224.912 131.343
441.242 223.842 130.616
438.536 222.772 129.889
435.829 221.702 129.162
433.122 220.632 128.435
430.415 219.562 127.708
427.709 218.492 126.981
425.002 217.422 126.254
422.295 216.352 125.527
419.589 215.282 124.799
416.882 214.211 124.072
414.175 213.141 123.345
411.468 212.071 122.618
408.762 211.001 121.891
406.055 209.931 121.164
403.348 208.861 120.437
400.642 207.791 119.71
397.935 206.721 118.983
395.228 205.651 118.256
392.521 204.581 117.529
389.815 203.511 116.802
387.108 202.44 116.075
384.401 201.37 115.348
381.695 200.3 114.62
378.988 199.23 113.893
376.281 198.16 113.166
373.575 197.09 112.439
370.868 196.02 111.712
368.161 194.95 110.985
365.454 193.88 110.258
362.748 192.81 109.531
360.041 191.739 108.804
357.334 190.669 108.077
354.628 189.599 107.35
351.921 188.529 106.623
349.214 187.459 105.896
346.507 186.389 105.169
343.801 185.319 104.441
341.094 184.249 103.714
338.387 183.179 102.987
335.681 182.109 102.26
332.974 181.039 101.533
330.267 179.968 100.806
327.561 178.898 100.079
324.854 177.828 99.352
322.147 176.758 98.6249
319.44 175.688 97.8978
316.734 174.618 97.1707
314.027 173.548 96.4437
311.32 172.478 95.7166
308.614 171.408 94.9895
305.907 170.338 94.2624
303.2 169.267 93.5354
300.493 168.197 92.8083
297.787 167.127 92.0812
295.08 166.057 91.3542
292.373 164.987 90.6271
289.667 163.917 89.9
286.96 162.847 89.1729
284.253 161.777 88.4459
281.547 160.707 87.7188
278.84 159.637 86.9917
276.133 158.566 86.2647
273.426 157.496 85.5376
270.72 156.426 84.8105
268.013 155.356 84.0834
265.306 154.286 83.3564
262.6 153.216 82.6293
259.893 152.146 81.9022
257.186 151.076 81.1751
254.479 150.006 80.4481
251.773 148.936 79.721
249.066 147.866 78.9939
246.359 146.795 78.2669
243.653 145.725 77.5398
240.946 144.655 76.8127
238.239 143.585 76.0856
235.533 142.515 75.3586
232.826 141.445 74.6315
230.119 140.375 73.9044
227.412 139.305 73.1774
224.706 138.235 72.4503
221.999 137.165 71.7232
219.292 136.094 70.9961
216.586 135.024 70.2691
213.879 133.954 69.542
211.172 132.884 68.8149
208.465 131.814 68.0879
205.759 130.744 67.3608
203.052 129.674 66.6337
200.345 128.604 65.9066
197.639 127.534 65.1796
194.932 126.464 64.4525
192.225 125.394 63.7254
189.518 124.323 62.9983
186.812 123.253 62.2713
184.105 122.183 61.5442
181.398 121.113 60.8171
178.692 120.043 60.0901
323.655 180.55 99.7444
322.457 183.272 100.137
321.258 185.994 100.529
320.06 188.716 100.922
318.861 191.439 101.314
317.663 194.161 101.707
316.464 196.883 102.099
315.266 199.605 102.492
314.067 202.327 102.884
312.869 205.049 103.276
311.67 207.771 103.669
310.472 210.493 104.061
309.273 213.215 104.454
308.075 215.937 104.846
306.876 218.659 105.239
305.678 221.381 105.631
304.479 224.103 106.024
303.281 226.825 106.416
302.083 229.547 106.808
300.884 232.269 107.201
299.686 234.991 107.593
298.487 237.714 107.986
297.289 240.436 108.378
465.604 228.829 121.657
465.469 231.596 120.508
465.333 234.364 119.358
465.198 237.132 118.209
465.062 239.9 117.06
464.926 242.667 115.91
464.791 245.435 114.761
464.655 248.203 113.612
464.519 250.971 112.462
464.384 253.739 111.313
464.248 256.506 110.164
464.113 259.274 109.014
463.977 262.042 107.865
463.841 264.81 106.716
463.706 267.578 105.567
463.57 270.345 104.417
463.435 273.113 103.268
463.299 275.881 102.119
463.163 278.649 100.969
463.028 281.417 99.82
462.892 284.184 98.6707
462.756 286.952 97.5213
462.621 289.72 96.372
462.485 292.488 95.2227
462.35 295.256 94.0734
462.214 298.023 92.9241
462.078 300.791 91.7748
461.943 303.559 90.6254
461.807 306.327 89.4761
461.671 309.095 88.3268
461.536 311.862 87.1775
461.4 314.63 86.0282
461.265 317.398 84.8789
461.219 318.335 84.4898
267.032 155.914 86.8633
266.052 156.471 89.6431
265.071 157.029 92.4229
264.09 157.586 95.2028
263.11 158.144 97.9826
262.129 158.701 100.762
261.148 159.259 103.542
260.168 159.816 106.322
259.187 160.374 109.102
258.206 160.932 111.882
257.226 161.489 114.662
256.245 162.047 117.441
255.264 162.604 120.221
254.284 163.162 123.001
253.303 163.719 125.781
252.322 164.277 128.561
251.342 164.834 131.341
250.361 165.392 134.12
249.38 165.949 136.9
248.4 166.507 139.68
247.419 167.064 142.46
246.438 167.622 145.24
245.458 168.179 148.02
244.477 168.737 150.799
243.496 169.295 153.579
242.516 169.852 156.359
241.535 170.41 159.139
240.554 170.967 161.919
239.574 171.525 164.699
238.593 172.082 167.478
237.612 172.64 170.258
236.632 173.197 173.038
235.651 173.755 175.818
234.67 174.312 178.598
233.69 174.87 181.377
232.709 175.427 184.157
231.728 175.985 186.937
230.748 176.543 189.717
229.767 177.1 192.497
228.786 177.658 195.277
227.806 178.215 198.056
226.863 178.751 200.729
421.93 265.538 227.162
422.527 262.837 228.324
423.124 260.137 229.485
423.721 257.436 230.647
424.318 254.735 231.808
424.429 254.23 232.025
230.172 173.424 187.072
228.615 170.863 187.206
227.058 168.302 187.34
225.501 165.742 187.475
223.944 163.181 187.609
222.387 160.62 187.743
220.83 158.059 187.878
219.273 155.498 188.012
217.716 152.937 188.146
217.164 152.029 188.194
177.52 117.574 58.8526
176.348 115.105 57.6152
461.594 321.247 83.8748
461.97 324.159 83.2598
462.345 327.071 82.6447
462.72 329.983 82.0297
463.096 332.896 81.4147
463.471 335.808 80.7996
463.847 338.72 80.1846
464.222 341.632 79.5696
464.597 344.544 78.9545
464.973 347.457 78.3395
465.348 350.369 77.7245
465.724 353.281 77.1094
466.099 356.193 76.4944
466.474 359.105 75.8793
466.85 362.017 75.2643
467.225 364.93 74.6493
467.601 367.842 74.0342
467.976 370.754 73.4192
468.351 373.666 72.8042
468.727 376.578 72.1891
469.102 379.491 71.5741
469.478 382.403 70.9591
469.853 385.315 70.344
470.228 388.227 69.729
470.604 391.139 69.114
470.979 394.051 68.4989
471.355 396.964 67.8839
471.73 399.876 67.2689
472.105 402.788 66.6538
472.481 405.7 66.0388
472.856 408.612 65.4238
473.232 411.525 64.8087
473.607 414.437 64.1937
473.983 417.349 63.5787
474.358 420.261 62.9636
474.733 423.173 62.3486
475.109 426.085 61.7336
475.484 428.998 61.1185
475.86 431.91 60.5035
476.235 434.822 59.8885
476.61 437.734 59.2734
476.986 440.646 58.6584
477.361 443.559 58.0434
477.737 446.471 57.4283
478.112 449.383 56.8133
478.487 452.295 56.1982
478.863 455.207 55.5832
479.238 458.119 54.9682
479.614 461.032 54.3531
479.989 463.944 53.7381
480.364 466.856 53.1231
480.74 469.768 52.508
481.115 472.68 51.893
481.491 475.593 51.278
481.866 478.505 50.6629
482.241 481.417 50.0479
482.617 484.329 49.4329
482.992 487.241 48.8178
483.368 490.153 48.2028
483.743 493.066 47.5878
483.854 493.928 47.4057
225.147 180.636 202.31
223.431 182.522 203.892
221.715 184.407 205.473
219.999 186.292 207.054
218.282 188.178 208.636
216.566 190.063 210.217
214.85 191.948 211.798
213.134 193.833 213.38
211.418 195.719 214.961
209.702 197.604 216.542
207.986 199.489 218.124
206.27 201.375 219.705
204.554 203.26 221.286
202.837 205.145 222.868
201.121 207.031 224.449
199.405 208.916 226.03
197.689 210.801 227.612
195.973 212.686 229.193
194.257 214.572 230.774
192.541 216.457 232.356
190.825 218.342 233.937
189.109 220.228 235.518
187.392 222.113 237.1
185.676 223.998 238.681
183.96 225.884 240.262
182.244 227.769 241.844
180.528 229.654 243.425
178.812 231.539 245.006
177.096 233.425 246.588
175.38 235.31 248.169
173.664 237.195 249.75
171.947 239.081 251.332
170.231 240.966 252.913
168.515 242.851 254.494
166.799 244.737 256.076
165.083 246.622 257.657
163.367 248.507 259.238
161.651 250.392 260.82
159.935 252.278 262.401
158.219 254.163 263.982
156.502 256.048 265.564
175.701 233.583 250.601
176.022 231.857 253.033
176.344 230.13 255.466
176.665 228.404 257.898
176.986 226.677 260.33
177.308 224.951 262.762
177.629 223.224 265.195
177.95 221.498 267.627
178.272 219.771 270.059
178.593 218.045 272.491
178.914 216.318 274.924
179.236 214.591 277.356
179.557 212.865 279.788
179.879 211.138 282.22
180.2 209.412 284.653
180.521 207.685 287.085
180.843 205.959 289.517
181.164 204.232 291.949
181.485 202.506 294.381
181.807 200.779 296.814
182.128 199.053 299.246
182.449 197.326 301.678
182.771 195.599 304.11
183.092 193.873 306.543
183.413 192.146 308.975
183.735 190.42 311.407
184.056 188.693 313.839
184.377 186.967 316.272
184.699 185.24 318.704
185.02 183.514 321.136
185.341 181.787 323.568
185.663 180.06 326.001
185.984 178.334 328.433
186.305 176.607 330.865
186.627 174.881 333.297
186.948 173.154 335.729
187.27 171.428 338.162
187.591 169.701 340.594
187.912 167.975 343.026
188.234 166.248 345.458
188.555 164.522 347.891
188.876 162.795 350.323
189.198 161.068 352.755
189.519 159.342 355.187
189.84 157.615 357.62
190.162 155.889 360.052
190.483 154.162 362.484
190.804 152.436 364.916
191.126 150.709 367.349
191.447 148.983 369.781
191.768 147.256 372.213
192.09 145.53 374.645
192.411 143.803 377.077
192.732 142.076 379.51
193.054 140.35 381.942
193.375 138.623 384.374
193.696 136.897 386.806
194.018 135.17 389.239
194.339 133.444 391.671
194.661 131.717 394.103
194.982 129.991 396.535
195.214 128.742 398.294
423.798 393.013 383.57
420.976 392.285 384.282
418.154 391.558 384.993
415.332 390.83 385.704
412.509 390.102 386.415
409.687 389.374 387.126
406.865 388.647 387.837
404.043 387.919 388.548
401.221 387.191 389.259
398.398 386.464 389.971
395.576 385.736 390.682
392.754 385.008 391.393
389.932 384.28 392.104
387.11 383.553 392.815
384.287 382.825 393.526
381.465 382.097 394.237
378.643 381.37 394.949
375.821 380.642 395.66
372.999 379.914 396.371
370.177 379.187 397.082
367.354 378.459 397.793
364.532 377.731 398.504
361.71 377.003 399.215
358.888 376.276 399.926
356.066 375.548 400.638
353.243 374.82 401.349
350.421 374.093 402.06
347.599 373.365 402.771
344.777 372.637 403.482
341.955 371.909 404.193
339.133 371.182 404.904
336.31 370.454 405.616
333.488 369.726 406.327
330.666 368.999 407.038
327.844 368.271 407.749
325.022 367.543 408.46
322.199 366.816 409.171
319.377 366.088 409.882
316.555 365.36 410.594
313.733 364.632 411.305
310.911 363.905 412.016
308.088 363.177 412.727
305.266 362.449 413.438
302.444 361.722 414.149
299.622 360.994 414.86
296.8 360.266 415.571
293.978 359.539 416.283
291.155 358.811 416.994
288.333 358.083 417.705
285.511 357.355 418.416
282.689 356.628 419.127
279.867 355.9 419.838
278.528 355.555 420.176
398.394 204.329 120.734
398.854 201.936 122.485
399.313 199.544 124.236
399.772 197.152 125.987
197.618 127.237 397.316
200.021 125.731 396.337
202.425 124.226 395.359
204.828 122.721 394.38
207.232 121.216 393.401
209.635 119.711 392.423
212.038 118.205 391.444
214.442 116.7 390.465
216.845 115.195 389.487
219.249 113.69 388.508
221.652 112.185 387.529
224.056 110.679 386.551
226.459 109.174 385.572
228.863 107.669 384.593
231.266 106.164 383.615
233.67 104.659 382.636
236.073 103.153 381.657
238.476 101.648 380.679
240.88 100.143 379.7
243.283 98.6377 378.721
245.687 97.1325 377.743
248.09 95.6273 376.764
250.494 94.1221 375.785
252.897 92.6169 374.807
255.301 91.1117 373.828
257.704 89.6064 372.85
260.108 88.1012 371.871
262.511 86.596 370.892
264.914 85.0908 369.914
267.318 83.5856 368.935
300.893 235.852 104.985
302.1 236.712 102.377
303.308 237.572 99.769
304.515 238.432 97.1609
305.723 239.292 94.5528
306.93 240.153 91.9447
308.138 241.013 89.3366
309.345 241.873 86.7285
310.552 242.733 84.1204
311.76 243.594 81.5123
312.967 244.454 78.9042
314.175 245.314 76.2961
315.382 246.174 73.688
316.59 247.034 71.08
317.797 247.895 68.4719
319.004 248.755 65.8638
320.212 249.615 63.2557
321.419 250.475 60.6476
322.627 251.335 58.0395
323.834 252.196 55.4314
325.042 253.056 52.8233
326.249 253.916 50.2152
327.456 254.776 47.6071
328.664 255.636 44.999
329.871 256.497 42.3909
331.079 257.357 39.7828
332.286 258.217 37.1747
333.494 259.077 34.5666
334.701 259.937 31.9585
335.908 260.798 29.3504
337.116 261.658 26.7423
337.45 261.896 26.0201
275.918 356.668 419.202
273.307 357.781 418.229
270.697 358.894 417.256
268.086 360.007 416.283
265.476 361.12 415.31
262.866 362.233 414.337
260.255 363.346 413.364
257.645 364.459 412.391
255.034 365.573 411.418
252.424 366.686 410.445
249.814 367.799 409.472
247.203 368.912 408.499
244.593 370.025 407.525
241.982 371.138 406.552
239.372 372.251 405.579
236.762 373.364 404.606
234.151 374.477 403.633
231.541 375.59 402.66
228.939 376.7 401.69
475.905 455.674 55.7602
472.946 456.141 55.9371
469.988 456.608 56.1141
467.03 457.075 56.2911
464.072 457.542 56.468
461.114 458.009 56.645
458.156 458.476 56.822
455.198 458.942 56.9989
452.239 459.409 57.1759
449.281 459.876 57.3528
446.323 460.343 57.5298
443.365 460.81 57.7068
440.407 461.277 57.8837
437.908 461.671 58.0332
435.526 459.957 57.4117
433.144 458.243 56.7902
430.762 456.528 56.1687
428.38 454.814 55.5473
425.997 453.1 54.9258
423.615 451.385 54.3043
421.233 449.671 53.6828
418.851 447.957 53.0613
416.469 446.242 52.4398
229.227 377.765 398.901
229.515 378.831 396.111
229.804 379.897 393.322
230.092 380.962 390.532
230.38 382.028 387.743
230.668 383.094 384.953
230.956 384.159 382.164
231.244 385.225 379.374
231.532 386.291 376.585
231.82 387.356 373.795
232.108 388.422 371.006
232.397 389.488 368.216
232.685 390.553 365.427
232.973 391.619 362.637
233.261 392.685 359.848
233.549 393.751 357.058
233.837 394.816 354.269
234.125 395.882 351.479
234.413 396.948 348.69
234.701 398.013 345.9
234.99 399.079 343.111
235.278 400.145 340.321
235.566 401.21 337.532
235.854 402.276 334.742
236.142 403.342 331.953
236.43 404.407 329.163
236.718 405.473 326.374
237.006 406.539 323.584
237.294 407.604 320.795
237.583 408.67 318.005
237.871 409.736 315.216
238.159 410.801 312.426
238.447 411.867 309.637
238.735 412.933 306.847
239.023 413.998 304.058
239.311 415.064 301.268
239.599 416.13 298.479
239.887 417.195 295.689
240.176 418.261 292.9
240.464 419.327 290.11
240.752 420.392 287.321
340.059 260.424 26.1796
342.669 258.952 26.3391
345.278 257.48 26.4985
347.887 256.008 26.658
350.496 254.536 26.8175
351.432 254.008 26.8747
243.904 367.363 406.324
243.216 364.702 405.123
242.527 362.041 403.922
241.838 359.379 402.721
241.15 356.718 401.52
240.461 354.056 400.319
227.038 377.456 403.884
225.136 378.213 406.077
223.235 378.97 408.271
221.333 379.727 410.464
219.431 380.483 412.658
217.53 381.24 414.851
215.628 381.997 417.045
213.727 382.754 419.238
211.825 383.51 421.432
209.924 384.267 423.625
208.022 385.024 425.819
206.121 385.781 428.012
204.219 386.537 430.206
202.318 387.294 432.399
200.416 388.051 434.593
198.515 388.808 436.786
196.613 389.564 438.98
194.711 390.321 441.173
192.81 391.078 443.367
190.908 391.835 445.56
189.007 392.591 447.754
187.105 393.348 449.947
185.204 394.105 452.141
183.302 394.862 454.334
181.401 395.618 456.528
179.499 396.375 458.721
177.598 397.132 460.915
175.696 397.889 463.108
173.794 398.645 465.302
171.893 399.402 467.495
169.991 400.159 469.689
168.09 400.915 471.882
166.188 401.672 474.076
164.287 402.429 476.269
162.385 403.186 478.463
160.484 403.942 480.656
158.582 404.699 482.85
156.681 405.456 485.043
154.779 406.213 487.237
152.877 406.969 489.43
150.976 407.726 491.624
150.255 408.013 492.455
227.312 105.114 384.853
225.762 102.559 385.113
224.212 100.003 385.372
222.661 97.4482 385.632
221.111 94.8931 385.892
219.56 92.3379 386.151
218.01 89.7827 386.411
216.46 87.2275 386.671
214.909 84.6723 386.93
213.359 82.1172 387.19
211.809 79.562 387.449
210.258 77.0068 387.709
208.708 74.4516 387.969
207.157 71.8965 388.228
205.607 69.3413 388.488
204.661 67.7816 388.647
277.586 156.523 84.6169
279.039 154.48 82.9691
279.179 154.283 82.8102
147.552 407.846 491.165
144.849 407.678 489.874
142.146 407.511 488.584
139.443 407.343 487.293
136.74 407.176 486.003
134.037 407.008 484.712
131.334 406.841 483.422
128.631 406.673 482.131
125.928 406.506 480.841
123.225 406.339 479.55
120.522 406.171 478.26
117.818 406.004 476.969
115.115 405.836 475.679
112.412 405.669 474.388
109.709 405.501 473.098
107.006 405.334 471.807
104.303 405.166 470.517
101.6 404.999 469.226
98.897 404.832 467.936
96.1939 404.664 466.645
93.4909 404.497 465.355
90.7878 404.329 464.064
339.203 180.449 103.929
340.018 177.72 104.87
340.833 174.991 105.812
341.648 172.262 106.753
342.464 169.532 107.695
343.279 166.803 108.636
344.094 164.074 109.578
344.909 161.345 110.519
345.725 158.615 111.461
346.54 155.886 112.402
347.355 153.157 113.344
348.17 150.427 114.285
348.986 147.698 115.227
349.801 144.969 116.168
350.616 142.24 117.11
351.431 139.51 118.051
352.247 136.781 118.993
353.062 134.052 119.934
353.877 131.322 120.876
354.692 128.593 121.817
355.507 125.864 122.759
356.323 123.135 123.701
357.138 120.405 124.642
357.953 117.676 125.584
358.768 114.947 126.525
359.584 112.218 127.467
360.399 109.488 128.408
361.214 106.759 129.35
362.029 104.03 130.291
362.845 101.3 131.233
363.66 98.5712 132.174
364.475 95.8419 133.116
365.29 93.1126 134.057
366.106 90.3834 134.999
366.921 87.6541 135.94
367.736 84.9248 136.882
368.551 82.1956 137.823
369.367 79.4663 138.765
370.182 76.737 139.706
370.997 74.0077 140.648
371.812 71.2785 141.589
372.628 68.5492 142.531
373.443 65.8199 143.472
374.258 63.0906 144.414
375.073 60.3614 145.355
375.889 57.6321 146.297
376.704 54.9028 147.238
377.519 52.1735 148.18
378.334 49.4443 149.121
379.15 46.715 150.063
379.965 43.9857 151.004
380.78 41.2564 151.946
176.355 219.324 266.312
174.76 217.15 264.997
173.165 214.976 263.682
171.569 212.802 262.368
169.974 210.628 261.053
168.379 208.454 259.738
166.783 206.28 258.423
165.188 204.105 257.108
163.593 201.931 255.794
161.998 199.757 254.479
160.402 197.583 253.164
158.807 195.409 251.849
157.212 193.235 250.534
155.616 191.061 249.22
154.021 188.887 247.905
152.426 186.713 246.59
150.831 184.539 245.275
149.235 182.365 243.96
147.64 180.191 242.646
146.327 178.402 241.564
194.975 135.874 393.31
195.611 138.305 394.95
196.247 140.735 396.589
196.883 143.166 398.229
197.519 145.597 399.868
198.155 148.027 401.508
198.791 150.458 403.147
199.427 152.888 404.787
200.063 155.319 406.426
200.699 157.749 408.065
201.335 160.18 409.705
201.971 162.611 411.344
202.607 165.041 412.984
203.243 167.472 414.623
203.879 169.902 416.263
204.515 172.333 417.902
205.151 174.763 419.542
205.711 176.904 420.986
309.094 360.837 414.312
310.099 358.497 415.898
311.104 356.157 417.483
312.109 353.817 419.069
313.114 351.476 420.654
314.119 349.136 422.239
315.125 346.796 423.825
316.13 344.456 425.41
317.135 342.116 426.996
318.14 339.776 428.581
319.145 337.436 430.167
320.15 335.096 431.752
321.155 332.756 433.337
322.161 330.415 434.923
323.166 328.075 436.508
324.171 325.735 438.094
325.176 323.395 439.679
326.181 321.055 441.264
327.186 318.715 442.85
328.192 316.375 444.435
329.197 314.035 446.021
330.202 311.695 447.606
331.207 309.354 449.192
332.212 307.014 450.777
333.217 304.674 452.362
334.222 302.334 453.948
335.228 299.994 455.533
336.233 297.654 457.119
337.238 295.314 458.704
338.243 292.974 460.289
339.248 290.634 461.875
340.253 288.293 463.46
341.259 285.953 465.046
342.264 283.613 466.631
343.269 281.273 468.217
344.274 278.933 469.802
345.279 276.593 471.387
346.284 274.253 472.973
347.289 271.913 474.558
348.295 269.573 476.144
349.3 267.232 477.729
350.305 264.892 479.314
351.304 262.566 480.89
376.293 196.161 115.403
376.305 194.161 117.639
376.316 192.161 119.876
376.328 190.162 122.112
376.34 188.162 124.349
376.351 186.163 126.585
376.363 184.163 128.822
376.366 183.58 129.475
317.375 250.778 69.1833
316.953 253.662 69.8947
316.531 256.546 70.6061
316.109 259.429 71.3175
190.734 389.281 442.158
188.658 387.484 440.948
186.582 385.687 439.739
184.507 383.89 438.53
182.431 382.093 437.321
180.355 380.297 436.111
178.279 378.5 434.902
176.203 376.703 433.693
174.127 374.906 432.484
172.052 373.109 431.275
169.976 371.312 430.065
167.9 369.515 428.856
165.824 367.719 427.647
163.748 365.922 426.438
161.673 364.125 425.228
159.597 362.328 424.019
157.521 360.531 422.81
155.445 358.734 421.601
153.369 356.937 420.392
151.293 355.14 419.182
149.218 353.344 417.973
147.142 351.547 416.764
145.066 349.75 415.555
142.99 347.953 414.345
140.914 346.156 413.136
138.838 344.359 411.927
136.763 342.562 410.718
134.687 340.765 409.509
133.992 340.164 409.104
203.342 66.3654 386.354
202.024 64.9493 384.061
200.706 63.5332 381.768
199.387 62.1171 379.476
198.069 60.701 377.183
196.75 59.2849 374.89
195.432 57.8688 372.598
194.114 56.4527 370.305
192.795 55.0366 368.012
191.477 53.6205 365.72
190.158 52.2043 363.427
188.84 50.7882 361.134
187.522 49.3721 358.841
186.203 47.956 356.549
184.885 46.5399 354.256
183.566 45.1238 351.963
182.248 43.7077 349.671
180.93 42.2916 347.378
179.611 40.8755 345.085
178.293 39.4594 342.793
176.974 38.0432 340.5
175.656 36.6271 338.207
174.338 35.211 335.914
173.019 33.7949 333.622
171.701 32.3788 331.329
170.383 30.9627 329.036
169.563 30.0826 327.611
382.092 40.9597 154.628
383.403 40.6629 157.309
384.715 40.3662 159.991
202.64 67.6203 390.858
200.619 67.459 393.069
198.598 67.2977 395.281
196.577 67.1364 397.492
194.556 66.9751 399.703
192.536 66.8139 401.915
190.515 66.6526 404.126
188.494 66.4913 406.337
186.473 66.33 408.549
184.452 66.1687 410.76
182.431 66.0074 412.971
180.41 65.8461 415.183
178.389 65.6849 417.394
176.369 65.5236 419.605
174.348 65.3623 421.817
191.161 135.486 386.042
188.626 134.076 385.278
186.091 132.665 384.514
183.556 131.255 383.75
181.021 129.844 382.986
178.486 128.434 382.222
175.951 127.024 381.458
173.416 125.613 380.694
170.881 124.203 379.93
168.345 122.792 379.166
165.81 121.382 378.402
163.275 119.971 377.638
160.74 118.561 376.874
158.205 117.15 376.11
156.971 116.464 375.738
425.29 381.209 365.739
423.915 383.112 363.872
422.54 385.015 362.004
421.165 386.917 360.136
419.79 388.82 358.269
418.415 390.723 356.401
417.04 392.626 354.533
415.665 394.529 352.665
414.29 396.432 350.798
412.915 398.335 348.93
411.54 400.238 347.062
410.165 402.141 345.195
408.79 404.044 343.327
407.415 405.947 341.459
406.04 407.85 339.592
404.665 409.753 337.724
403.29 411.656 335.856
401.915 413.558 333.989
400.54 415.461 332.121
399.165 417.364 330.253
397.79 419.267 328.386
396.697 420.779 326.902
112.636 402.69 474.114
112.86 399.711 473.84
113.084 396.732 473.566
113.308 393.753 473.292
113.532 390.774 473.018
113.756 387.794 472.744
113.98 384.815 472.47
114.204 381.836 472.196
114.428 378.857 471.922
114.653 375.878 471.648
114.877 372.899 471.374
115.101 369.92 471.099
115.21 368.471 470.966
383.014 41.2042 149.944
385.248 41.152 147.943
387.482 41.0998 145.941
389.716 41.0475 143.939
391.95 40.9953 141.938
394.184 40.9431 139.936
396.418 40.8909 137.935
398.652 40.8387 135.933
400.886 40.7864 133.932
403.121 40.7342 131.93
405.355 40.682 129.928
407.589 40.6298 127.927
409.823 40.5775 125.925
412.057 40.5253 123.924
414.291 40.4731 121.922
416.525 40.4209 119.921
418.759 40.3687 117.919
420.993 40.3164 115.917
423.227 40.2642 113.916
425.461 40.212 111.914
427.695 40.1598 109.913
429.929 40.1075 107.911
432.163 40.0553 105.91
434.397 40.0031 103.908
436.631 39.9509 101.906
438.865 39.8987 99.9048
441.099 39.8464 97.9032
443.333 39.7942 95.9017
445.567 39.742 93.9001
447.801 39.6898 91.8985
450.036 39.6375 89.8969
452.27 39.5853 87.8954
454.504 39.5331 85.8938
456.738 39.4809 83.8922
458.972 39.4286 81.8906
206.851 175.538 423.401
207.99 174.172 425.817
209.13 172.805 428.232
210.27 171.439 430.648
211.409 170.073 433.063
212.549 168.706 435.479
213.688 167.34 437.894
214.828 165.974 440.309
215.968 164.608 442.725
217.107 163.241 445.14
218.247 161.875 447.556
219.387 160.509 449.971
220.526 159.142 452.387
221.666 157.776 454.802
222.805 156.41 457.218
223.945 155.043 459.633
225.085 153.677 462.049
226.224 152.311 464.464
227.364 150.944 466.88
228.503 149.578 469.295
229.643 148.212 471.71
230.783 146.846 474.126
231.922 145.479 476.541
233.062 144.113 478.957
234.202 142.747 481.372
235.341 141.38 483.788
236.481 140.014 486.203
237.62 138.648 488.619
238.76 137.281 491.034
239.9 135.915 493.45
241.039 134.549 495.865
241.569 133.913 496.989
362.441 99.1813 134.847
361.223 99.7913 137.519
360.004 100.401 140.192
358.785 101.011 142.864
357.567 101.622 145.537
356.348 102.232 148.21
355.129 102.842 150.882
353.911 103.452 153.555
352.692 104.062 156.227
351.474 104.672 158.9
350.255 105.282 161.573
349.036 105.892 164.245
347.818 106.502 166.918
346.599 107.112 169.59
345.38 107.722 172.263
344.162 108.332 174.936
342.943 108.942 177.608
341.724 109.552 180.281
340.506 110.162 182.953
339.287 110.773 185.626
338.069 111.383 188.298
336.85 111.993 190.971
335.631 112.603 193.644
334.413 113.213 196.316
333.194 113.823 198.989
331.975 114.433 201.661
330.757 115.043 204.334
329.538 115.653 207.007
328.319 116.263 209.679
327.101 116.873 212.352
325.882 117.483 215.024
325.758 117.546 215.297
396.673 209.272 119.931
395.41 211.823 120.879
394.148 214.374 121.827
392.886 216.925 122.776
391.624 219.476 123.724
390.362 222.027 124.672
389.099 224.578 125.62
387.837 227.129 126.568
386.575 229.68 127.516
385.313 232.231 128.464
384.051 234.782 129.413
382.788 237.333 130.361
381.526 239.884 131.309
380.264 242.435 132.257
379.002 244.986 133.205
377.739 247.537 134.153
376.477 250.089 135.102
215.485 116.569 393.275
216.527 116.438 396.085
217.57 116.307 398.895
218.612 116.176 401.705
219.655 116.044 404.515
220.698 115.913 407.325
221.74 115.782 410.135
222.783 115.651 412.945
223.826 115.52 415.755
224.324 115.457 417.097
244.428 133.537 496.159
247.286 133.16 495.329
250.144 132.784 494.499
253.002 132.408 493.669
255.861 132.031 492.839
258.719 131.655 492.009
261.577 131.279 491.179
264.435 130.902 490.349
267.294 130.526 489.519
270.152 130.15 488.689
273.01 129.773 487.859
275.868 129.397 487.029
278.726 129.021 486.199
281.585 128.644 485.369
284.443 128.268 484.539
287.301 127.892 483.709
290.159 127.515 482.879
293.018 127.139 482.049
295.876 126.763 481.219
298.734 126.386 480.389
301.592 126.01 479.559
304.451 125.634 478.729
307.309 125.257 477.899
310.167 124.881 477.069
313.025 124.505 476.239
315.884 124.128 475.409
318.742 123.752 474.579
321.6 123.376 473.749
324.458 122.999 472.919
327.316 122.623 472.089
330.175 122.246 471.259
333.033 121.87 470.429
335.891 121.494 469.599
338.749 121.117 468.77
341.608 120.741 467.94
344.466 120.365 467.11
347.324 119.988 466.28
350.182 119.612 465.45
353.041 119.236 464.62
355.899 118.859 463.79
358.757 118.483 462.96
361.615 118.107 462.13
364.473 117.73 461.3
367.332 117.354 460.47
370.19 116.978 459.64
373.048 116.601 458.81
374.547 116.404 458.374
405.616 40.085 125.734
403.643 39.5403 123.54
401.67 38.9956 121.347
399.696 38.4509 119.154
397.723 37.9061 116.961
395.75 37.3614 114.767
393.777 36.8167 112.574
391.804 36.272 110.381
389.831 35.7273 108.187
236.768 169.71 167.279
234.942 167.337 167.079
233.117 164.965 166.879
231.292 162.593 166.679
229.466 160.22 166.479
227.641 157.848 166.279
225.816 155.476 166.08
225.519 155.089 166.047
169.986 402.977 468.66
169.982 405.795 467.63
169.977 408.612 466.601
169.972 411.43 465.572
169.967 414.248 464.543
169.962 417.066 463.513
169.957 419.884 462.484
169.953 422.702 461.455
210.999 166.112 438.403
208.31 164.883 438.912
205.621 163.655 439.421
202.931 162.427 439.93
200.242 161.198 440.439
197.553 159.97 440.948
194.864 158.742 441.457
192.174 157.513 441.966
189.485 156.285 442.475
186.796 155.057 442.984
184.107 153.828 443.493
181.417 152.6 444.002
178.728 151.372 444.511
176.039 150.143 445.02
173.35 148.915 445.529
172.711 148.623 445.65
