2 2 2
3.4674 3.85493 3.84552
4.9348 5.70986 5.69105
6.40221 7.56479 7.53657
7.86961 9.41972 9.3821
9.33701 11.2747 11.2276
10.8044 13.1296 13.0731
12.2718 14.9845 14.9187
13.7392 16.8394 16.7642
15.2066 18.6944 18.6097
16.674 20.5493 20.4552
18.1414 22.4042 22.3008
19.6088 24.2592 24.1463
21.0762 26.1141 25.9918
22.5436 27.969 27.8373
24.011 29.824 29.6829
25.4784 31.6789 31.5284
26.9458 33.5338 33.3739
28.4132 35.3888 35.2194
29.8806 37.2437 37.065
31.348 39.0986 38.9105
32.8155 40.9535 40.756
34.2829 42.8085 42.6015
35.7503 44.6634 44.4471
37.2177 46.5183 46.2926
38.6851 48.3733 48.1381
40.1525 50.2282 49.9836
41.6199 52.0831 51.8292
43.0873 53.9381 53.6747
44.5547 55.793 55.5202
46.0221 57.6479 57.3657
47.4895 59.5029 59.2113
48.9569 61.3578 61.0568
50.4243 63.2127 62.9023
51.8917 65.0676 64.7478
53.3591 66.9226 66.5934
54.8265 68.7775 68.4389
56.2939 70.6324 70.2844
57.7613 72.4874 72.1299
59.2287 74.3423 73.9755
60.6961 76.1972 75.821
62.1635 78.0522 77.6665
63.6309 79.9071 79.512
65.0983 81.762 81.3576
66.5657 83.617 83.2031
68.0331 85.4719 85.0486
69.5005 87.3268 86.8941
70.9679 89.1817 88.7397
72.4353 91.0367 90.5852
73.9027 92.8916 92.4307
75.3701 94.7465 94.2762
76.8375 96.6015 96.1218
78.3049 98.4564 97.9673
79.7723 100.311 99.8128
81.2397 102.166 101.658
82.7071 104.021 103.504
84.1745 105.876 105.349
85.6419 107.731 107.195
87.1093 109.586 109.04
88.5767 111.441 110.886
90.0441 113.296 112.731
91.5115 115.151 114.577
92.9789 117.006 116.423
94.4464 118.861 118.268
95.9138 120.716 120.114
97.3812 122.57 121.959
98.8486 124.425 123.805
100.316 126.28 125.65
101.783 128.135 127.496
103.251 129.99 129.341
104.718 131.845 131.187
106.186 133.7 133.032
107.653 135.555 134.878
109.12 137.41 136.723
110.588 139.265 138.569
112.055 141.12 140.414
113.523 142.975 142.26
114.99 144.83 144.105
116.457 146.685 145.951
117.925 148.54 147.796
119.392 150.394 149.642
120.86 152.249 151.488
122.327 154.104 153.333
123.794 155.959 155.179
125.262 157.814 157.024
126.729 159.669 158.87
127.807 161.145 156.491
128.886 162.622 154.112
129.964 164.098 151.734
131.042 165.575 149.355
132.12 167.051 146.977
133.199 168.527 144.598
134.277 170.004 142.219
135.355 171.48 139.841
136.433 172.956 137.462
137.511 174.433 135.084
138.59 175.909 132.705
139.668 177.386 130.326
140.746 178.862 127.948
141.824 180.338 125.569
142.903 181.815 123.191
143.981 183.291 120.812
145.059 184.767 118.433
146.137 186.244 116.055
147.215 187.72 113.676
148.294 189.197 111.298
149.372 190.673 108.919
150.45 192.149 106.54
151.528 193.626 104.162
149.705 195.907 104.846
147.881 198.189 105.531
146.058 200.471 106.216
144.234 202.753 106.9
142.411 205.034 107.585
140.588 207.316 108.269
138.764 209.598 108.954
136.941 211.879 109.639
135.117 214.161 110.323
133.294 216.443 111.008
131.47 218.725 111.692
129.647 221.006 112.377
129.929 222.611 114.896
130.21 224.216 117.415
130.492 225.822 119.933
130.774 227.427 122.452
131.056 229.032 124.971
131.338 230.637 127.49
131.62 232.242 130.009
131.901 233.847 132.527
132.183 235.452 135.046
132.465 237.057 137.565
132.747 238.662 140.084
133.029 240.267 142.602
133.311 241.872 145.121
133.593 243.478 147.64
133.874 245.083 150.159
134.156 246.688 152.678
134.438 248.293 155.196
134.72 249.898 157.715
135.002 251.503 160.234
135.284 253.108 162.753
135.565 254.713 165.271
135.847 256.318 167.79
136.129 257.923 170.309
136.411 259.528 172.828
136.693 261.134 175.347
136.975 262.739 177.865
137.257 264.344 180.384
137.538 265.949 182.903
137.82 267.554 185.422
137.977 268.446 186.822
140.748 268.304 187.962
143.52 268.162 189.102
146.291 268.019 190.242
149.062 267.877 191.381
151.834 267.734 192.521
154.605 267.592 193.661
157.377 267.45 194.801
160.148 267.307 195.941
162.919 267.165 197.08
165.691 267.022 198.22
168.462 266.88 199.36
171.234 266.738 200.5
174.005 266.595 201.64
176.776 266.453 202.779
179.548 266.31 203.919
182.319 266.168 205.059
185.09 266.025 206.199
187.862 265.883 207.339
190.633 265.741 208.478
193.405 265.598 209.618
196.176 265.456 210.758
198.947 265.313 211.898
201.719 265.171 213.038
204.49 265.029 214.177
207.262 264.886 215.317
210.033 264.744 216.457
212.804 264.601 217.597
215.576 264.459 218.737
218.347 264.317 219.876
221.119 264.174 221.016
223.89 264.032 222.156
226.661 263.889 223.296
229.433 263.747 224.436
232.204 263.605 225.575
234.975 263.462 226.715
237.747 263.32 227.855
240.518 263.177 228.995
243.29 263.035 230.135
246.061 262.893 231.274
248.832 262.75 232.414
251.604 262.608 233.554
254.375 262.465 234.694
257.147 262.323 235.834
259.918 262.181 236.973
262.689 262.038 238.113
265.461 261.896 239.253
268.232 261.753 240.393
271.003 261.611 241.533
272.545 261.532 242.167
272.912 262.563 244.96
273.279 263.594 247.753
273.646 264.625 250.546
274.013 265.656 253.34
274.38 266.687 256.133
274.747 267.718 258.926
275.114 268.749 261.72
275.481 269.78 264.513
275.848 270.811 267.306
276.215 271.842 270.099
276.582 272.873 272.893
276.949 273.904 275.686
277.316 274.935 278.479
277.683 275.966 281.272
278.05 276.997 284.066
278.417 278.028 286.859
278.784 279.059 289.652
279.151 280.09 292.445
279.518 281.121 295.239
279.884 282.152 298.032
280.251 283.183 300.825
280.618 284.215 303.618
280.985 285.246 306.412
281.352 286.277 309.205
281.719 287.308 311.998
282.086 288.339 314.791
282.453 289.37 317.585
282.82 290.401 320.378
283.187 291.432 323.171
283.554 292.463 325.965
283.921 293.494 328.758
284.288 294.525 331.551
284.655 295.556 334.344
285.022 296.587 337.138
285.389 297.618 339.931
285.756 298.649 342.724
286.123 299.68 345.517
286.49 300.711 348.311
286.857 301.742 351.104
287.224 302.773 353.897
287.591 303.804 356.69
287.957 304.835 359.484
288.324 305.866 362.277
288.691 306.897 365.07
289.058 307.928 367.863
289.425 308.959 370.657
289.792 309.99 373.45
290.159 311.022 376.243
290.526 312.053 379.036
290.893 313.084 381.83
291.26 314.115 384.623
291.627 315.146 387.416
291.994 316.177 390.21
292.361 317.208 393.003
292.728 318.239 395.796
293.095 319.27 398.589
293.462 320.301 401.383
293.829 321.332 404.176
294.196 322.363 406.969
291.273 323.025 407.105
288.35 323.686 407.242
285.427 324.348 407.378
282.504 325.01 407.514
279.581 325.671 407.65
276.658 326.333 407.787
273.735 326.995 407.923
270.812 327.656 408.059
267.889 328.318 408.195
264.966 328.979 408.332
262.043 329.641 408.468
259.12 330.303 408.604
256.197 330.964 408.74
253.274 331.626 408.877
250.351 332.288 409.013
247.428 332.949 409.149
248.073 335.861 409.48
248.717 338.772 409.811
249.361 341.683 410.142
250.006 344.594 410.473
250.65 347.506 410.805
251.294 350.417 411.136
251.939 353.328 411.467
252.583 356.239 411.798
253.227 359.15 412.129
253.871 362.062 412.46
254.516 364.973 412.791
255.034 365.573 411.418
257.645 364.459 412.391
260.255 363.346 413.364
262.866 362.233 414.337
265.476 361.12 415.31
268.086 360.007 416.283
270.697 358.894 417.256
273.307 357.781 418.229
275.918 356.668 419.202
278.528 355.555 420.176
279.867 355.9 419.838
282.689 356.628 419.127
285.511 357.355 418.416
288.333 358.083 417.705
291.155 358.811 416.994
293.978 359.539 416.283
296.8 360.266 415.571
299.622 360.994 414.86
302.444 361.722 414.149
305.266 362.449 413.438
308.088 363.177 412.727
310.911 363.905 412.016
313.733 364.632 411.305
316.555 365.36 410.594
319.377 366.088 409.882
322.199 366.816 409.171
325.022 367.543 408.46
327.844 368.271 407.749
330.666 368.999 407.038
333.488 369.726 406.327
336.31 370.454 405.616
339.133 371.182 404.904
341.955 371.909 404.193
344.777 372.637 403.482
347.599 373.365 402.771
350.421 374.093 402.06
353.243 374.82 401.349
356.066 375.548 400.638
358.888 376.276 399.926
361.71 377.003 399.215
364.532 377.731 398.504
367.354 378.459 397.793
370.177 379.187 397.082
372.999 379.914 396.371
375.821 380.642 395.66
378.643 381.37 394.949
381.465 382.097 394.237
384.287 382.825 393.526
387.11 383.553 392.815
389.932 384.28 392.104
392.754 385.008 391.393
395.576 385.736 390.682
398.398 386.464 389.971
401.221 387.191 389.259
404.043 387.919 388.548
406.865 388.647 387.837
409.687 389.374 387.126
412.509 390.102 386.415
415.332 390.83 385.704
418.154 391.558 384.993
420.976 392.285 384.282
423.798 393.013 383.57
426.62 393.741 382.859
426.614 395.803 385.038
426.608 397.865 387.217
426.601 399.927 389.396
426.595 401.989 391.575
426.589 404.051 393.754
426.582 406.113 395.933
426.576 408.176 398.112
426.57 410.238 400.29
426.563 412.3 402.469
426.557 414.362 404.648
426.551 416.424 406.827
426.544 418.486 409.006
426.538 420.548 411.185
426.532 422.61 413.364
426.525 424.673 415.543
426.519 426.735 417.722
426.513 428.797 419.9
426.506 430.859 422.079
426.5 432.921 424.258
426.494 434.983 426.437
428.296 436.563 428.241
430.099 438.142 430.046
431.902 439.721 431.85
433.705 441.301 433.654
435.508 442.88 435.459
437.31 444.46 437.263
439.113 446.039 439.067
440.916 447.618 440.871
442.719 449.198 442.676
444.522 450.777 444.48
446.324 452.356 446.284
448.127 453.936 448.089
449.93 455.515 449.893
451.733 457.095 451.697
453.536 458.674 453.501
455.338 460.253 455.306
457.141 461.833 457.11
458.944 463.412 458.914
460.747 464.992 460.719
462.55 466.571 462.523
464.352 468.15 464.327
466.155 469.73 466.131
467.958 471.309 467.936
469.761 472.889 469.74
471.564 474.468 471.544
473.366 476.047 473.349
475.169 477.627 475.153
476.972 479.206 476.957
478.775 480.785 478.761
480.578 482.365 480.566
482.38 483.944 482.37
484.183 485.524 484.174
485.986 487.103 485.979
487.789 488.682 487.783
489.592 490.262 489.587
491.394 491.841 491.391
493.197 493.421 493.196
495 495 495
