2 2
3 3
4 4
5 5
6 6
3 5
2 6
1 7
0 8
7 6
8 6
9 6
10 6
10 7
10 8
10 9
10 10
11 10
12 10
13 10
14 10
15 10
16 10
17 10
18 10
19 11
20 12
21 13
22 14
23 14
24 14
25 14
26 14
27 15
28 16
29 17
30 18
31 18
32 18
33 18
34 18
35 19
36 20
37 21
38 22
35 17
36 16
37 15
38 14
38 23
38 24
38 25
38 26
39 27
40 28
41 29
42 30
39 13
40 12
41 11
42 10
43 31
44 32
45 33
46 34
46 35
46 36
46 37
46 38
47 38
48 38
49 38
50 38
50 39
50 40
50 41
50 42
13 11
12 12
11 13
10 14
51 42
52 42
53 42
54 42
55 43
56 44
57 45
58 46
45 39
44 40
43 41
42 42
58 47
58 48
58 49
58 50
59 50
60 50
61 50
62 50
63 50
64 50
65 50
66 50
67 51
68 52
69 53
70 54
71 54
72 54
41 43
40 44
39 45
38 46
73 53
74 52
75 51
76 50
77 49
78 48
79 47
80 46
43 41
42 42
41 43
40 44
79 47
80 46
81 45
82 44
83 43
84 42
85 41
86 40
49 43
48 44
47 45
46 46
87 39
88 38
89 37
90 36
91 35
92 34
93 33
94 32
95 31
96 30
97 29
98 28
96 30
97 29
98 28
99 27
71 55
70 56
69 57
68 58
67 59
66 60
65 61
64 62
71 55
70 56
69 57
68 58
63 63
62 64
61 65
60 66
66 49
66 48
66 47
66 46
100 26
101 25
102 24
103 23
73 53
74 52
75 51
76 50
104 22
105 21
106 20
107 19
94 32
95 31
96 30
97 29
67 59
66 60
65 61
64 62
60 66
59 67
58 68
57 69
56 70
55 71
54 72
53 73
108 18
109 17
110 16
111 15
67 59
66 60
65 61
64 62
52 74
107 19
108 18
109 17
110 16
87 39
88 38
89 37
90 36
59 67
58 68
57 69
56 70
39 45
38 46
112 14
113 13
114 12
115 11
66 60
65 61
64 62
63 63
116 10
116 10
88 37
88 36
88 35
88 34
57 69
56 70
55 71
54 72
103 23
104 22
105 21
106 20
100 26
101 25
102 24
103 23
73 53
74 52
75 51
76 50
56 70
55 71
54 72
53 73
11 5
12 4
13 3
14 2
83 43
84 42
85 41
86 40
113 13
114 12
115 11
116 10
66 60
65 61
64 62
63 63
84 42
85 41
86 40
87 39
58 68
57 69
56 70
55 71
56 70
55 71
54 72
53 73
55 71
54 72
53 73
52 74
9 15
8 16
7 17
6 18
100 26
101 25
102 24
103 23
63 63
62 64
61 65
60 66
83 43
84 42
85 41
86 40
74 52
75 51
76 50
77 49
66 45
66 44
66 43
66 42
68 58
67 59
66 60
65 61
56 70
55 71
54 72
53 73
52 74
68 58
67 59
66 60
65 61
66 60
65 61
64 62
63 63
108 18
109 17
110 16
111 15
81 45
82 44
83 43
84 42
106 20
107 19
108 18
109 17
97 29
98 28
99 27
100 26
42 29
42 28
42 27
42 26
73 52
73 51
73 50
73 49
99 27
100 26
101 25
102 24
43 25
44 24
45 23
46 22
111 15
112 14
113 13
114 12
58 68
57 69
56 70
55 71
103 23
104 22
105 21
106 20
37 27
36 28
35 29
34 30
34 30
33 31
32 32
31 33
110 16
111 15
112 14
113 13
62 64
61 65
60 66
59 67
71 54
71 53
71 52
71 51
66 60
65 61
64 62
63 63
82 44
83 43
84 42
85 41
83 43
84 42
85 41
86 40
75 50
75 49
75 48
75 47
6 18
5 19
4 20
3 21
84 42
85 41
86 40
87 39
85 41
86 40
87 39
88 38
89 37
90 36
91 35
92 34
58 68
57 69
56 70
55 71
53 73
52 74
67 41
68 40
69 39
70 38
64 62
63 63
62 64
61 65
57 69
56 70
55 71
54 72
64 62
63 63
62 64
61 65
110 16
111 15
112 14
113 13
43 29
44 28
45 27
46 26
79 47
80 46
81 45
82 44
89 37
90 36
91 35
92 34
74 52
75 51
76 50
77 49
69 57
68 58
67 59
66 60
82 44
83 43
84 42
85 41
66 60
65 61
64 62
63 63
62 64
61 65
60 66
59 67
52 74
107 19
108 18
109 17
110 16
101 25
102 24
103 23
104 22
94 32
95 31
96 30
97 29
96 30
97 29
98 28
99 27
102 24
103 23
104 22
105 21
60 66
59 67
58 68
57 69
111 15
112 14
113 13
114 12
78 48
79 47
80 46
81 45
60 66
59 67
58 68
57 69
80 46
81 45
82 44
83 43
80 46
81 45
82 44
83 43
55 71
54 72
53 73
52 74
106 20
107 19
108 18
109 17
77 49
78 48
79 47
80 46
90 36
91 35
92 34
93 33
30 34
29 35
28 36
27 37
54 71
53 71
52 71
91 35
92 34
93 33
94 32
81 45
82 44
83 43
84 42
55 71
54 72
53 73
52 74
43 9
44 8
45 7
46 6
100 26
101 25
102 24
103 23
56 70
55 71
54 72
53 73
69 57
68 58
67 59
66 60
64 62
63 63
62 64
61 65
71 55
70 56
69 57
68 58
113 13
114 12
115 11
116 10
77 49
78 48
79 47
80 46
66 60
65 61
64 62
63 63
108 18
109 17
110 16
111 15
76 50
77 49
78 48
79 47
59 67
58 68
57 69
56 70
96 30
97 29
98 28
99 27
67 59
66 60
65 61
64 62
52 74
103 23
104 22
105 21
106 20
115 11
116 10
78 48
79 47
80 46
81 45
47 5
48 4
49 3
50 2
115 11
116 10
73 53
74 52
75 51
76 50
74 52
75 51
76 50
77 49
90 36
91 35
92 34
93 33
51 37
52 36
53 35
54 34
64 62
63 63
62 64
61 65
92 34
93 33
94 32
95 31
53 73
52 74
39 13
40 12
41 11
42 10
112 14
113 13
114 12
115 11
73 53
74 52
75 51
76 50
91 35
92 34
93 33
94 32
57 69
56 70
55 71
54 72
111 15
112 14
113 13
114 12
60 66
59 67
58 68
57 69
87 39
88 38
89 37
90 36
98 28
99 27
100 26
101 25
55 71
54 72
53 73
52 74
94 32
95 31
96 30
97 29
113 13
114 12
115 11
116 10
68 39
68 38
68 37
68 36
104 22
105 21
106 20
107 19
55 71
54 72
53 73
52 74
103 23
104 22
105 21
106 20
97 29
98 28
99 27
100 26
56 70
55 71
54 72
53 73
70 56
69 57
68 58
67 59
63 63
62 64
61 65
60 66
52 74
7 5
7 4
7 3
7 2
113 13
114 12
115 11
116 10
67 59
66 60
65 61
64 62
89 37
90 36
91 35
92 34
82 44
83 43
84 42
85 41
80 46
81 45
82 44
83 43
95 30
95 29
95 28
95 27
10 14
9 15
8 16
7 17
113 13
114 12
115 11
116 10
92 34
93 33
94 32
95 31
88 33
88 32
88 31
88 30
71 37
72 36
73 35
74 34
74 52
75 51
76 50
77 49
97 29
98 28
99 27
100 26
89 37
90 36
91 35
92 34
98 28
99 27
100 26
101 25
49 42
48 42
47 42
46 42
77 49
78 48
79 47
80 46
73 53
74 52
75 51
76 50
94 32
95 31
96 30
97 29
67 59
66 60
65 61
64 62
2 22
1 23
0 24
56 70
55 71
54 72
53 73
103 23
104 22
105 21
106 20
61 65
60 66
59 67
58 68
15 1
16 0
70 56
69 57
68 58
67 59
58 68
57 69
56 70
55 71
52 74
63 63
62 64
61 65
60 66
64 62
63 63
62 64
61 65
92 34
93 33
94 32
95 31
56 70
55 71
54 72
53 73
104 22
105 21
106 20
107 19
95 26
95 25
95 24
95 23
69 57
68 58
67 59
66 60
85 41
86 40
87 39
88 38
46 32
47 31
48 30
49 29
95 31
96 30
97 29
98 28
68 58
67 59
66 60
65 61
101 25
102 24
103 23
104 22
96 30
97 29
98 28
99 27
54 72
53 73
52 74
77 49
78 48
79 47
80 46
93 33
94 32
95 31
96 30
50 2
51 1
52 0
114 12
115 11
116 10
85 41
86 40
87 39
88 38
111 15
112 14
113 13
114 12
99 27
100 26
101 25
102 24
8 1
9 0
79 47
80 46
81 45
82 44
77 49
78 48
79 47
80 46
99 27
100 26
101 25
102 24
67 35
66 34
65 33
64 32
79 47
80 46
81 45
82 44
92 34
93 33
94 32
95 31
116 10
73 53
74 52
75 51
76 50
82 44
83 43
84 42
85 41
73 53
74 52
75 51
76 50
114 12
115 11
116 10
38 14
39 13
40 12
41 11
39 25
40 24
41 23
42 22
61 65
60 66
59 67
58 68
79 47
80 46
81 45
82 44
42 21
42 20
42 19
42 18
60 66
59 67
58 68
57 69
106 20
107 19
108 18
109 17
96 30
97 29
98 28
99 27
73 53
74 52
75 51
76 50
91 35
92 34
93 33
94 32
64 62
63 63
62 64
61 65
67 59
66 60
65 61
64 62
57 51
56 52
55 53
54 54
74 52
75 51
76 50
77 49
98 28
99 27
100 26
101 25
22 15
21 16
20 17
19 18
100 26
101 25
102 24
103 23
105 20
105 19
105 18
105 17
100 26
101 25
102 24
103 23
69 57
68 58
67 59
66 60
110 16
111 15
112 14
113 13
26 38
25 39
24 40
23 41
95 22
95 21
95 20
95 19
95 23
95 22
95 21
95 20
97 29
98 28
99 27
100 26
